{
 "cells": [
  {
   "cell_type": "code",
   "execution_count": 7,
   "metadata": {
    "collapsed": true
   },
   "outputs": [],
   "source": [
    "import importlib\n",
    "import numpy as np\n",
    "import kRR_modified\n",
    "# importlib.reload(kRR_modified)\n",
    "from kRR_modified import KernelRidge"
   ]
  },
  {
   "cell_type": "code",
   "execution_count": 8,
   "outputs": [],
   "source": [
    "KRR = KernelRidge('gaussian')"
   ],
   "metadata": {
    "collapsed": false,
    "pycharm": {
     "name": "#%%\n"
    }
   }
  },
  {
   "cell_type": "code",
   "execution_count": 14,
   "outputs": [],
   "source": [
    "x_data = np.random.random((1000, 100))\n",
    "y_label = np.random.random(1000)"
   ],
   "metadata": {
    "collapsed": false,
    "pycharm": {
     "name": "#%%\n"
    }
   }
  },
  {
   "cell_type": "code",
   "execution_count": 16,
   "outputs": [],
   "source": [
    "Kernel = KRR.compute_kernel_matrix(x_data, x_data)"
   ],
   "metadata": {
    "collapsed": false,
    "pycharm": {
     "name": "#%%\n"
    }
   }
  },
  {
   "cell_type": "code",
   "execution_count": 33,
   "outputs": [
    {
     "data": {
      "text/plain": "1000"
     },
     "execution_count": 33,
     "metadata": {},
     "output_type": "execute_result"
    }
   ],
   "source": [
    "np.linalg.matrix_rank(Kernel)"
   ],
   "metadata": {
    "collapsed": false,
    "pycharm": {
     "name": "#%%\n"
    }
   }
  },
  {
   "cell_type": "code",
   "execution_count": 17,
   "outputs": [
    {
     "data": {
      "text/plain": "(1000, 1000)"
     },
     "execution_count": 17,
     "metadata": {},
     "output_type": "execute_result"
    }
   ],
   "source": [
    "Kernel.shape"
   ],
   "metadata": {
    "collapsed": false,
    "pycharm": {
     "name": "#%%\n"
    }
   }
  },
  {
   "cell_type": "code",
   "execution_count": 63,
   "outputs": [
    {
     "data": {
      "text/plain": "array([[1.00000000e+00, 4.42910505e-15, 6.10653404e-15, ...,\n        5.77069455e-15, 2.90511000e-15, 5.86876694e-19],\n       [4.42910505e-15, 1.00000000e+00, 8.08960734e-16, ...,\n        7.17201900e-16, 1.39536163e-16, 9.63384957e-17],\n       [6.10653404e-15, 8.08960734e-16, 1.00000000e+00, ...,\n        4.32366001e-15, 8.03383164e-17, 1.42595148e-13],\n       ...,\n       [5.77069455e-15, 7.17201900e-16, 4.32366001e-15, ...,\n        1.00000000e+00, 4.20782917e-19, 1.74385661e-18],\n       [2.90511000e-15, 1.39536163e-16, 8.03383164e-17, ...,\n        4.20782917e-19, 1.00000000e+00, 2.14084628e-13],\n       [5.86876694e-19, 9.63384957e-17, 1.42595148e-13, ...,\n        1.74385661e-18, 2.14084628e-13, 1.00000000e+00]])"
     },
     "execution_count": 63,
     "metadata": {},
     "output_type": "execute_result"
    }
   ],
   "source": [
    "Kernel"
   ],
   "metadata": {
    "collapsed": false,
    "pycharm": {
     "name": "#%%\n"
    }
   }
  },
  {
   "cell_type": "code",
   "execution_count": 167,
   "outputs": [],
   "source": [
    "K = 500"
   ],
   "metadata": {
    "collapsed": false,
    "pycharm": {
     "name": "#%%\n"
    }
   }
  },
  {
   "cell_type": "code",
   "execution_count": 168,
   "outputs": [],
   "source": [
    "indices = np.random.choice(1000, K, replace=False)"
   ],
   "metadata": {
    "collapsed": false,
    "pycharm": {
     "name": "#%%\n"
    }
   }
  },
  {
   "cell_type": "code",
   "execution_count": 169,
   "outputs": [],
   "source": [
    "C = Kernel[:, :K]"
   ],
   "metadata": {
    "collapsed": false,
    "pycharm": {
     "name": "#%%\n"
    }
   }
  },
  {
   "cell_type": "code",
   "execution_count": 170,
   "outputs": [],
   "source": [
    "W = C[:K, :]"
   ],
   "metadata": {
    "collapsed": false,
    "pycharm": {
     "name": "#%%\n"
    }
   }
  },
  {
   "cell_type": "code",
   "execution_count": 171,
   "outputs": [],
   "source": [
    "K_approx = np.matmul(np.matmul(C, np.linalg.pinv(W)), C.T)"
   ],
   "metadata": {
    "collapsed": false,
    "pycharm": {
     "name": "#%%\n"
    }
   }
  },
  {
   "cell_type": "code",
   "execution_count": 172,
   "outputs": [
    {
     "data": {
      "text/plain": "1.0000000490700116"
     },
     "execution_count": 172,
     "metadata": {},
     "output_type": "execute_result"
    }
   ],
   "source": [
    "np.linalg.norm(Kernel - K_approx, 1)"
   ],
   "metadata": {
    "collapsed": false,
    "pycharm": {
     "name": "#%%\n"
    }
   }
  },
  {
   "cell_type": "code",
   "execution_count": 173,
   "outputs": [
    {
     "data": {
      "text/plain": "22.360679774997898"
     },
     "execution_count": 173,
     "metadata": {},
     "output_type": "execute_result"
    }
   ],
   "source": [
    "np.linalg.norm(Kernel - K_approx)"
   ],
   "metadata": {
    "collapsed": false,
    "pycharm": {
     "name": "#%%\n"
    }
   }
  },
  {
   "cell_type": "code",
   "execution_count": null,
   "outputs": [],
   "source": [],
   "metadata": {
    "collapsed": false,
    "pycharm": {
     "name": "#%%\n"
    }
   }
  }
 ],
 "metadata": {
  "kernelspec": {
   "display_name": "Python 3",
   "language": "python",
   "name": "python3"
  },
  "language_info": {
   "codemirror_mode": {
    "name": "ipython",
    "version": 2
   },
   "file_extension": ".py",
   "mimetype": "text/x-python",
   "name": "python",
   "nbconvert_exporter": "python",
   "pygments_lexer": "ipython2",
   "version": "2.7.6"
  }
 },
 "nbformat": 4,
 "nbformat_minor": 0
}